0.000000 0.090271
125.000000 0.349616
248.000000 0.469058
373.000000 0.534046
497.000000 0.585018
621.000000 0.570920
746.000000 0.625411
871.000000 0.663349
995.000000 0.657178
1120.000000 0.681526
1243.000000 0.693380
1368.000000 0.705034
1493.000000 0.744388
1618.000000 0.786959
1742.000000 0.760632
1867.000000 0.744388
1992.000000 0.744388
2116.000000 0.781764
2242.000000 0.797246
2366.000000 0.797246
2492.000000 0.846811
2617.000000 0.817433
2742.000000 0.807403
2867.000000 0.822402
2993.000000 0.817433
3118.000000 0.812433
3244.000000 0.837132
3368.000000 0.832252
3494.000000 0.856379
3620.000000 0.837132
3745.000000 0.846811
3870.000000 0.870536
3995.000000 0.856379
4120.000000 0.884465
4246.000000 0.875204
4371.000000 0.879846
4496.000000 0.865842
4622.000000 0.879846
4747.000000 0.889060
4871.000000 0.879846
4996.000000 0.902703
5122.000000 0.902703
5247.000000 0.907205
5373.000000 0.911686
5498.000000 0.929390
5623.000000 0.920581
5748.000000 0.920581
5873.000000 0.933763
5998.000000 0.920581
6124.000000 0.938117
6250.000000 0.942450
6376.000000 0.951057
6502.000000 0.938117
6627.000000 0.938117
6754.000000 0.933763
6880.000000 0.955332
7005.000000 0.951057
7130.000000 0.959587
7255.000000 0.942450
