497.000000 0.090271
621.000000 0.180540
746.000000 0.201850
871.000000 0.221116
995.000000 0.270811
1120.000000 0.299393
1243.000000 0.299393
1368.000000 0.337761
1493.000000 0.393479
1618.000000 0.361081
1742.000000 0.382985
1867.000000 0.349616
1992.000000 0.361081
2116.000000 0.382985
2242.000000 0.382985
2366.000000 0.403701
2492.000000 0.393479
2617.000000 0.423405
2742.000000 0.413670
2867.000000 0.432922
2993.000000 0.432922
3118.000000 0.403701
3244.000000 0.413670
3368.000000 0.423405
3494.000000 0.423405
3620.000000 0.393479
3745.000000 0.460290
3870.000000 0.442232
3995.000000 0.432922
4120.000000 0.432922
4246.000000 0.477666
4371.000000 0.460290
4496.000000 0.460290
4622.000000 0.451352
4747.000000 0.477666
4871.000000 0.477666
4996.000000 0.477666
5122.000000 0.494431
5247.000000 0.486121
5373.000000 0.502604
5498.000000 0.486121
5623.000000 0.486121
5748.000000 0.510646
5873.000000 0.494431
5998.000000 0.494431
6124.000000 0.502604
6250.000000 0.502604
6376.000000 0.494431
6502.000000 0.486121
6627.000000 0.502604
6754.000000 0.494431
6880.000000 0.502604
7005.000000 0.494431
7130.000000 0.477666
7255.000000 0.494431
