125.000000 0.090271
248.000000 0.270811
373.000000 0.299393
497.000000 0.361081
621.000000 0.382985
746.000000 0.393479
871.000000 0.442232
995.000000 0.432922
1120.000000 0.451352
1243.000000 0.494431
1368.000000 0.442232
1493.000000 0.502604
1618.000000 0.502604
1742.000000 0.541622
1867.000000 0.556463
1992.000000 0.556463
2116.000000 0.549093
2242.000000 0.563738
2366.000000 0.549093
2492.000000 0.563738
2617.000000 0.578012
2742.000000 0.578012
2867.000000 0.591942
2993.000000 0.570920
3118.000000 0.612243
3244.000000 0.598785
3368.000000 0.591942
3494.000000 0.618862
3620.000000 0.598785
3745.000000 0.625411
3870.000000 0.625411
3995.000000 0.644659
4120.000000 0.625411
4246.000000 0.612243
4371.000000 0.605552
4496.000000 0.612243
4622.000000 0.612243
4747.000000 0.631892
4871.000000 0.631892
4996.000000 0.618862
5122.000000 0.644659
5247.000000 0.638308
5373.000000 0.638308
5498.000000 0.644659
5623.000000 0.644659
5748.000000 0.650949
5873.000000 0.650949
5998.000000 0.657178
6124.000000 0.650949
6250.000000 0.663349
6376.000000 0.663349
6502.000000 0.657178
6627.000000 0.669462
6754.000000 0.663349
6880.000000 0.675521
7005.000000 0.705034
7130.000000 0.669462
7255.000000 0.681526
