248.000000 0.201850
373.000000 0.337761
497.000000 0.403701
621.000000 0.451352
746.000000 0.494431
871.000000 0.526362
995.000000 0.556463
1120.000000 0.541622
1243.000000 0.585018
1368.000000 0.585018
1493.000000 0.605552
1618.000000 0.605552
1742.000000 0.612243
1867.000000 0.631892
1992.000000 0.631892
2116.000000 0.625411
2242.000000 0.644659
2366.000000 0.638308
2492.000000 0.675521
2617.000000 0.693380
2742.000000 0.675521
2867.000000 0.710789
2993.000000 0.675521
3118.000000 0.693380
3244.000000 0.699231
3368.000000 0.710789
3494.000000 0.722163
3620.000000 0.727782
3745.000000 0.727782
3870.000000 0.722163
3995.000000 0.744388
4120.000000 0.705034
4246.000000 0.755256
4371.000000 0.733360
4496.000000 0.727782
4622.000000 0.727782
4747.000000 0.744388
4871.000000 0.771270
4996.000000 0.760632
5122.000000 0.760632
5247.000000 0.760632
5373.000000 0.776535
5498.000000 0.781764
5623.000000 0.781764
5748.000000 0.786959
5873.000000 0.765969
5998.000000 0.781764
6124.000000 0.797246
6250.000000 0.749842
6376.000000 0.760632
6502.000000 0.755256
6627.000000 0.802341
6754.000000 0.786959
6880.000000 0.802341
7005.000000 0.817433
7130.000000 0.822402
7255.000000 0.807403
