497.000000 0.127662
621.000000 0.180540
746.000000 0.221116
871.000000 0.238833
995.000000 0.255323
1120.000000 0.255323
1243.000000 0.299393
1368.000000 0.270811
1493.000000 0.312706
1618.000000 0.299393
1742.000000 0.285460
1867.000000 0.325474
1992.000000 0.337761
2116.000000 0.349616
2242.000000 0.361081
2366.000000 0.361081
2492.000000 0.337761
2617.000000 0.349616
2742.000000 0.337761
2867.000000 0.361081
2993.000000 0.349616
3118.000000 0.382985
3244.000000 0.361081
3368.000000 0.349616
3494.000000 0.361081
3620.000000 0.382985
3745.000000 0.382985
3870.000000 0.393479
3995.000000 0.403701
4120.000000 0.382985
4246.000000 0.393479
4371.000000 0.393479
4496.000000 0.403701
4622.000000 0.413670
4747.000000 0.403701
4871.000000 0.403701
4996.000000 0.432922
5122.000000 0.382985
5247.000000 0.423405
5373.000000 0.432922
5498.000000 0.442232
5623.000000 0.423405
5748.000000 0.432922
5873.000000 0.442232
5998.000000 0.432922
6124.000000 0.432922
6250.000000 0.423405
6376.000000 0.442232
6502.000000 0.451352
6627.000000 0.442232
6754.000000 0.423405
6880.000000 0.432922
7005.000000 0.393479
7130.000000 0.423405
7255.000000 0.413670
